b1=[2.0736585172209856, 0.0, 2.0736585172209856]
b2=[-2.0736585172209856, 2.0736585172209856, 0.0]
b3=[0.0, -2.0736585172209856, 2.0736585172209856]
n1=40
n2=40
n3=40
