b1 = 1.5649104616374871, 0, 0
b2 = 0, 1.5649104616374871, 0
b3 = 0, 0, 0.73826485041589684
n1 = n2 = n3 = 30
