n1=40; n2=40; n3=40;
b1=    1.909782768,              0,   -1.909782768
b2=              0,    1.909782768,   -1.909782768
b3=              0,              0,    3.819565536
