b1=[-1.5552438879157393, 1.5552438879157393, 1.5552438879157393]
b2=[1.5552438879157393, -1.5552438879157393, 1.5552438879157393]
b3=[1.5552438879157393, 1.5552438879157393, -1.5552438879157393]
n1=40
n2=40
n3=40
