b1=[2.1816615649929121, 0.0, 2.1816615649929121]
b2=[-2.1816615649929121, 2.1816615649929121, 0.0]
b3=[0.0, -2.1816615649929121, 2.1816615649929121]
n1=40
n2=40
n3=40
