b1 =  1.55113833 ,  0.00000000 ,  0.00000000
n1 = 30
b2 =  0.00000000 ,  1.55113833 ,  0.00000000
n2 = 30
b3 =  0.00000000 ,  0.00000000 ,  1.55113833
n3 = 30
