n1=40; n2=40; n3=40;
b1=   -1.784995826,   -1.784995826,    1.784995826
b2=    1.784995826,    1.784995826,    1.784995826
b3=   -1.784995826,    1.784995826,   -1.784995826
