n1=40; n2=40; n3=40;
b1=   -1.740494545,    1.740494545,    1.740494545
b2=    1.740494545,   -1.740494545,    1.740494545
b3=    1.740494545,    1.740494545,   -1.740494545
